00100
01001
00100
00000
00000



00100
01011
10100
00000
10010



00000
00000
00000
00000
00000



10111
00000
00010
00000
11100



00000
00000
00000
00000
00000



00000
00100
00010
00100
01000



00000
00000
00000
00000
00000



10000
00000
00010
01000
00000



00000
00000
00000
00000
00000



00001
00000
00000
10000
10001



00000
00000
00000
00000
00000



01010
00011
00000
00000
00000



00000
00000
00000
00000
00000



00000
10010
10000
00100
10001



00000
00000
00000
00000
00000



00110
10100
00010
00000
00100



00000
00000
00000
00000
00000



10001
00000
10000
00000
00100



00000
00000
00000
00000
00000



10000
00000
10100
01000
00000



00000
00000
00000
00000
00000



00000
10001
10001
01011
10000



00000
00000
00000
00001
10011



00000
00010
10110
00001
10011



10000
01000
00000
00101
00000



11000
01011
00000
00101
00000



00000
00000
00001
00000
01100



00000
00000
00001
00000
01100



